234
1160
876
381
1088
683
839
571
553
1168
375
370
363
136
952
68
801
1183
1107
472
564
803
354
1256
58
418
893
428
222
659
1092
1193
459
655
135
880
998
276
1077
137
706
1072
566
899
609
762
628
47
403
277
448
928
835
939
1149
756
1186
1264
717
98
1279
1146
300
165
396
236
110
507
790
1061
145
191
374
696
338
430
6
1219
157
456
1187
889
317
527
1005
213
1052
140
1099
778
1053
414
589
664
444
1159
608
631
775
77
1170
950
297
1246
728
54
1008
1117
777
592
625
144
905
455
526
716
708
583
42
623
703
172
460
1049
651
692
930
1243
855
1254
974
937
412
303
509
441
90
9
639
1019
1244
284
281
942
652
563
150
32
289
1111
218
86
1250
687
822
79
435
536
943
968
1258
550
1209
686
205
201
76
761
1091
65
1162
451
494
769
457
674
1181
806
691
273
561
700
230
59
715
872
122
283
212
875
496
1260
823
121
1094
1106
668
100
119
87
1032
923
737
649
732
836
288
187
12
313
791
1263
518
409
871
96
177
322
196
377
852
642
577
182
398
37
462
347
1232
113
397
812
298
1014
1194
729
562
957
1114
211
776
500
1200
1041
856
575
1188
1197
648
171
270
393
13
1067
568
