786
760
557
1248
21
384
1174
234
7
651
643
1106
599
692
1074
267
520
224
972
1192
707
358
1015
1212
757
847
483
635
203
1271
1229
835
946
152
869
529
138
1200
1279
73
546
1266
675
396
1061
751
1234
82
509
936
106
208
584
496
302
314
413
836
1001
417
589
227
650
273
1103
349
24
447
762
55
381
1242
284
666
131
868
344
455
360
431
784
1224
184
1275
385
1171
1134
348
921
916
107
620
754
1155
178
1225
239
1047
265
981
1244
291
260
322
91
734
216
543
11
630
503
604
174
1185
130
708
280
101
313
642
1187
1057
976
289
920
670
64
244
783
362
1037
378
612
897
893
299
65
659
1274
1181
805
10
243
508
991
672
93
744
1127
848
225
436
603
956
615
1020
442
787
501
20
485
1064
459
1070
788
66
1102
581
333
1136
519
1175
1120
256
153
539
14
80
212
977
464
942
863
478
1094
908
583
172
728
470
305
15
263
1018
965
886
580
1184
1166
814
1113
388
165
463
466
568
1254
465
137
1108
1130
957
684
1031
301
4
1023
922
761
375
110
974
255
983
770
632
748
251
830
933
380
875
241
238
807
845
741
494
290
854
2
1177
598
1035
735
1051
824
158
522
1075
1173
665
1158
523
123
