864
933
952
744
567
790
950
838
888
716
526
949
531
844
527
901
512
715
920
753
853
792
787
918
851
767
863
686
769
862
789
944
612
875
708
959
639
552
902
599
874
529
867
318
674
810
684
910
777
890
772
763
542
827
574
829
781
538
747
896
774
923
597
932
577
305
573
705
29
680
656
570
23
898
53
524
566
818
948
687
662
766
348
298
768
462
287
748
788
627
834
99
517
870
139
610
823
43
951
533
727
263
678
163
843
113
81
330
799
602
668
161
353
400
722
653
780
833
581
468
945
249
152
18
91
516
256
711
912
500
814
887
828
720
590
405
368
706
576
852
153
102
942
845
881
94
588
364
880
562
859
345
202
78
946
900
492
605
279
212
511
44
12
809
375
250
48
337
86
190
956
925
146
434
457
397
909
915
765
30
