234
1160
381
571
1168
553
893
683
1088
370
236
1209
871
218
448
1077
1107
801
77
855
375
414
876
86
418
1146
1183
42
277
880
412
354
145
566
363
462
58
428
191
460
655
1092
1246
47
435
136
628
1219
839
1170
659
762
68
1243
459
905
756
564
472
33
899
1072
374
589
1279
1186
777
976
122
664
137
222
775
276
700
527
998
717
255
1256
1111
403
968
297
706
1162
1198
377
1052
728
213
822
803
1193
1258
1264
90
300
793
172
338
245
835
289
788
716
32
507
201
1067
715
192
157
194
639
631
20
6
625
451
494
568
668
593
649
92
1094
600
273
546
942
22
928
950
303
135
943
1018
196
1129
536
91
761
1061
144
939
687
1184
796
246
1244
100
1180
985
54
366
140
1251
205
456
423
397
441
1117
789
410
652
182
322
444
1149
9
654
253
609
1032
701
1019
417
396
